# Yamaguchi - Long Island, Willapa Bay - THPL - ITRDB WA129
#----------------------------------------------------
#                World Data Service for Paleoclimatology, Boulder
#                                  and
#                     NOAA Paleoclimatology Program
#             National Centers for Environmental Information (NCEI)
#----------------------------------------------------
# Template Version 4.0
# Encoding: UTF-8
# NOTE: Please cite original publication, NOAA Landing Page URL, dataset and publication DOIs (where available), and date accessed when using downloaded data. If there is no publication information, please cite investigator, study title, NOAA Landing Page URL, and date accessed.
#
# Description/Documentation lines begin with #
# Data lines have no #
#
# NOAA_Landing_Page: https://www.ncei.noaa.gov/access/paleo-search/study/5382
#   Landing_Page_Description: NOAA Landing Page of this file's parent study, which includes all study metadata.
#
# Study_Level_JSON_Metadata: https://www.ncei.noaa.gov/pub/data/metadata/published/paleo/json/noaa-tree-5382.json
#   Study_Level_JSON_Description: JSON metadata of this data file's parent study, which includes all study metadata.
#
# Data_Type: Tree Ring
#
# Dataset_DOI:
#
# Science_Keywords: 
#--------------------
# Resource_Links
#
# Data_Download_Resource: https://www.ncei.noaa.gov/pub/data/paleo/treering/measurements/northamerica/usa/wa129r-crn-noaa.txt
#   Data_Download_Description: Raw Measurements - NOAA Template File; wa129r-crn-noaa.txt
#
# Related_Online_Resource: https://www.ncei.noaa.gov/pub/data/paleo/treering/chronologies/northamerica/usa/wa129r.crn
#   Related_Online_Description: CRN File; Chronology - Tucson Decadal File
#
#--------------------
# Contribution_Date
#   Date: 2005-09-14
#--------------------
# File_Last_Modified_Date
#   Date: 2005-09-14
#--------------------
# Title
#   Study_Name: Yamaguchi - Long Island, Willapa Bay - THPL - ITRDB WA129
#--------------------
# Investigators
#   Investigators: Yamaguchi, D.K.
#--------------------
# Description_Notes_and_Keywords
#   Description: NOAA Template Chronology file added 2018-12-20. NOAA Template Raw Measurements file added 2019-02-08.
#--------------------
# Publication
#   Authors: 
#   Journal_Name: 
#   Published_Title: 
#   Published_Date_or_Year: 
#   Volume: 
#   Pages: 
#   Issue: 
#   Report_Number: 
#   DOI: 
#   Full_Citation: 
#   Abstract: 
#--------------------
# Funding_Agency
#   Funding_Agency_Name:
#   Grant:
#--------------------
# Site_Information
#   Site_Name: Long Island, Willapa Bay
#   Location: Washington
#   Northernmost_Latitude: 46.45
#   Southernmost_Latitude: 46.45
#   Easternmost_Longitude: -123.97
#   Westernmost_Longitude: -123.97
#   Elevation_m: 50
#--------------------
# Data_Collection
#   Collection_Name: WA129
#   First_Year: 991
#   Last_Year: 1986
#   Time_Unit: CE
#   Core_Length_m:
#   Parameter_Keywords:  ring width
#   Notes: None
#--------------------
# Species
#   Species_Name: Thuja plicata Donn ex D. Don
#   Common_Name: western redcedar
#   Tree_Species_Code: THPL
#--------------------
# Variables
#
# PaST_Thesaurus_Download_Resource: https://www.ncei.noaa.gov/access/paleo-search/skos/past-thesaurus.rdf
#   PaST_Thesaurus_Download_Description: Paleoenvironmental Standard Terms (PaST) Thesaurus terms, definitions, and relationships in SKOS format.
#
# Data variables follow that are preceded by '##' in columns one and two.
# Variables format: shortname-tab-var components: what, material, error, units, seasonality, data type, detail, method, C or N for Character or Numeric data)
#
## age_CE	age,,,year Common Era,,tree ring,,,N,
## trsgi	tree ring standardized growth index,,,,,tree ring,composited,standard chronology method,N,
## numsamp	number of samples,,,count,,tree ring,,,N,
#---------------------
# Data:
# Missing_Values: NA
age_CE	trsgi	numsamp
993	1.222	1
994	0.66	1
995	1.083	1
996	1.246	1
997	1.111	1
998	0.968	1
999	0.942	1
1000	0.908	1
1001	0.914	1
1002	1.026	1
1003	0.887	1
1004	1.153	1
1005	1.084	1
1006	0.941	1
1007	1.202	1
1008	1.108	1
1009	0.889	1
1010	0.96	1
1011	0.977	1
1012	0.777	1
1013	0.884	1
1014	0.794	1
1015	1.092	1
1016	0.96	1
1017	0.836	1
1018	0.995	1
1019	1.06	1
1020	1.055	1
1021	0.854	1
1022	0.953	1
1023	0.932	1
1024	0.94	1
1025	1.05	1
1026	1.051	1
1027	1.18	1
1028	1.019	1
1029	1.072	1
1030	0.913	1
1031	1.095	1
1032	1.077	1
1033	1.19	1
1034	1.019	1
1035	0.865	1
1036	1.118	1
1037	0.941	2
1038	1.222	2
1039	1.033	2
1040	1.046	2
1041	0.771	2
1042	1.137	2
1043	0.981	2
1044	1.293	2
1045	1.028	2
1046	0.878	2
1047	0.895	2
1048	1.012	2
1049	1.195	2
1050	1.167	2
1051	1.225	2
1052	1.147	2
1053	0.946	2
1054	1.084	2
1055	0.91	2
1056	0.934	2
1057	1.111	2
1058	0.89	2
1059	0.858	2
1060	0.927	2
1061	0.856	2
1062	1.027	2
1063	0.917	2
1064	1.05	2
1065	0.715	2
1066	1.074	2
1067	1.014	2
1068	0.919	2
1069	0.808	2
1070	0.934	2
1071	0.918	2
1072	1.033	2
1073	1.115	2
1074	0.566	2
1075	0.926	2
1076	0.806	2
1077	0.899	2
1078	1.054	2
1079	0.951	2
1080	0.893	2
1081	1.076	2
1082	1.053	2
1083	0.886	2
1084	1.069	2
1085	1.07	2
1086	0.795	2
1087	1.327	2
1088	1.132	2
1089	1.236	2
1090	1.112	2
1091	0.994	2
1092	1.227	2
1093	1.146	2
1094	1.119	2
1095	1.069	2
1096	0.942	2
1097	1.077	2
1098	0.974	2
1099	1.084	2
1100	1.136	2
1101	1.042	2
1102	1.143	2
1103	0.971	2
1104	1.03	2
1105	1.229	2
1106	1.227	2
1107	1.027	2
1108	0.913	2
1109	1.028	2
1110	0.974	2
1111	0.911	2
1112	1.003	2
1113	0.869	2
1114	0.771	2
1115	0.948	2
1116	1.157	2
1117	0.696	2
1118	0.935	2
1119	0.951	2
1120	0.964	2
1121	0.732	2
1122	0.831	2
1123	0.791	2
1124	0.864	2
1125	0.961	2
1126	1.096	2
1127	0.861	2
1128	0.886	2
1129	0.997	2
1130	0.925	2
1131	0.789	2
1132	0.881	2
1133	0.965	2
1134	0.764	2
1135	0.835	2
1136	1.1	2
1137	1.033	2
1138	1.039	2
1139	0.869	2
1140	1.142	2
1141	1.005	2
1142	0.963	2
1143	0.82	2
1144	1.357	2
1145	0.848	2
1146	0.964	2
1147	1.191	2
1148	1.285	2
1149	1.328	2
1150	0.938	2
1151	1.1	2
1152	1.362	2
1153	1.127	2
1154	1.135	2
1155	1.114	2
1156	0.992	2
1157	1.152	2
1158	0.671	2
1159	1.16	2
1160	0.985	2
1161	1.012	2
1162	0.901	2
1163	1.088	2
1164	0.953	2
1165	1.092	2
1166	1.097	2
1167	0.926	2
1168	1.176	2
1169	0.787	2
1170	0.887	2
1171	1.021	2
1172	0.84	2
1173	0.887	2
1174	1.105	2
1175	1.071	2
1176	0.854	2
1177	0.7	2
1178	1.039	2
1179	0.75	2
1180	1.28	2
1181	1.116	2
1182	1.212	2
1183	1.162	2
1184	1.017	2
1185	1.036	2
1186	1.229	2
1187	0.914	2
1188	0.803	2
1189	0.922	2
1190	1.09	2
1191	0.867	2
1192	0.836	2
1193	1.177	2
1194	1.176	2
1195	1.143	2
1196	0.979	2
1197	1.075	2
1198	0.901	2
1199	1.062	2
1200	0.864	2
1201	1.019	2
1202	0.99	2
1203	1.028	2
1204	1.103	2
1205	1.131	2
1206	1.218	2
1207	0.883	2
1208	0.867	2
1209	1.075	2
1210	0.89	2
1211	0.78	2
1212	1.316	2
1213	1.022	2
1214	1.025	2
1215	1.261	2
1216	0.88	2
1217	1.106	2
1218	0.995	2
1219	0.893	2
1220	0.959	2
1221	1.217	2
1222	0.872	2
1223	0.915	2
1224	1.024	2
1225	1.062	2
1226	0.951	2
1227	0.785	2
1228	1.004	2
1229	0.805	2
1230	1.109	2
1231	0.998	2
1232	0.735	2
1233	0.882	2
1234	0.99	2
1235	0.983	2
1236	1.082	2
1237	0.73	2
1238	0.675	2
1239	1.039	2
1240	0.995	2
1241	0.99	2
1242	0.923	2
1243	1.001	2
1244	1.041	2
1245	1.11	2
1246	0.98	2
1247	0.986	2
1248	1.166	2
1249	0.864	2
1250	1.083	2
1251	1.186	2
1252	1.267	2
1253	1.076	2
1254	1.086	2
1255	0.898	2
1256	0.948	2
1257	0.878	2
1258	1.129	2
1259	1.042	2
1260	1.011	2
1261	0.788	2
1262	0.992	2
1263	0.899	2
1264	1.097	2
1265	1.359	2
1266	1.029	2
1267	1.004	2
1268	0.862	2
1269	1.131	2
1270	1.022	2
1271	1.033	2
1272	0.957	2
1273	1.196	2
1274	1.046	2
1275	1.004	2
1276	0.977	2
1277	0.863	2
1278	0.924	2
1279	1.043	2
1280	1.011	2
1281	0.958	2
1282	1.116	2
1283	1.081	2
1284	0.807	2
1285	1.107	2
1286	0.907	2
1287	0.92	2
1288	0.89	2
1289	1.115	2
1290	0.795	3
1291	0.971	3
1292	0.896	3
1293	1.064	3
1294	0.855	3
1295	1.166	3
1296	1.158	3
1297	1.042	3
1298	0.888	3
1299	1.068	3
1300	0.98	3
1301	0.772	3
1302	0.963	3
1303	1.057	3
1304	1.012	3
1305	0.948	3
1306	0.719	3
1307	0.769	3
1308	0.885	3
1309	0.995	3
1310	0.882	3
1311	0.796	3
1312	1.15	3
1313	0.855	3
1314	1.063	3
1315	1.13	3
1316	0.885	3
1317	0.959	3
1318	1.249	3
1319	0.763	3
1320	0.972	3
1321	1.247	3
1322	1.564	3
1323	1.154	3
1324	0.907	4
1325	1.13	4
1326	0.805	4
1327	0.764	4
1328	0.988	4
1329	1.068	4
1330	1.231	4
1331	0.878	4
1332	1.106	4
1333	1.325	4
1334	0.998	4
1335	1.061	4
1336	1.208	4
1337	1.194	4
1338	0.931	4
1339	1.021	4
1340	0.915	4
1341	0.988	4
1342	1.015	4
1343	1.117	4
1344	0.613	4
1345	0.978	4
1346	1.09	4
1347	0.861	4
1348	1.156	4
1349	0.999	4
1350	1.112	4
1351	0.809	5
1352	1.187	5
1353	1.058	5
1354	1.162	5
1355	1.041	5
1356	1.099	5
1357	1.19	5
1358	0.976	5
1359	0.743	5
1360	1.049	5
1361	1.154	5
1362	0.991	5
1363	0.807	5
1364	0.793	5
1365	0.948	5
1366	0.898	5
1367	0.722	5
1368	1.178	5
1369	1.138	4
1370	1.073	4
1371	1.143	4
1372	0.956	4
1373	1.039	4
1374	1.156	4
1375	0.939	4
1376	0.616	4
1377	0.924	4
1378	0.889	4
1379	0.944	4
1380	0.777	4
1381	0.782	4
1382	1.047	4
1383	0.806	4
1384	0.855	4
1385	0.926	4
1386	0.984	4
1387	0.859	4
1388	1.196	4
1389	1.142	4
1390	1.006	4
1391	0.932	4
1392	0.945	4
1393	0.918	4
1394	0.893	4
1395	0.923	4
1396	0.932	4
1397	0.891	4
1398	0.98	4
1399	0.896	4
1400	1.315	4
1401	0.638	4
1402	0.946	4
1403	0.882	4
1404	1.007	4
1405	0.904	4
1406	1.105	4
1407	0.991	4
1408	1.255	4
1409	0.918	5
1410	1.233	5
1411	1.04	5
1412	0.916	6
1413	1	6
1414	1.211	6
1415	0.86	6
1416	1.067	6
1417	1.009	6
1418	0.974	7
1419	1.027	7
1420	1.018	8
1421	1.132	8
1422	0.978	8
1423	1.277	8
1424	1.042	8
1425	0.884	9
1426	0.857	10
1427	1.028	10
1428	1.177	10
1429	0.962	10
1430	1.141	10
1431	0.768	10
1432	1.032	10
1433	0.857	10
1434	1.003	10
1435	1.087	10
1436	0.987	10
1437	1.067	10
1438	0.942	10
1439	0.889	10
1440	1.051	10
1441	1.168	10
1442	1.202	10
1443	0.886	10
1444	1.153	10
1445	1.2	10
1446	0.881	10
1447	0.725	10
1448	1.04	10
1449	0.98	10
1450	0.97	10
1451	0.968	10
1452	1.125	10
1453	1.08	11
1454	1.026	11
1455	1.1	11
1456	1.064	11
1457	1.243	11
1458	0.876	11
1459	1.041	11
1460	1.072	11
1461	0.786	11
1462	1.06	11
1463	1.241	11
1464	0.947	11
1465	0.93	11
1466	0.821	11
1467	1.042	11
1468	0.924	11
1469	0.927	11
1470	1.027	11
1471	0.939	11
1472	0.986	11
1473	1.129	11
1474	1.126	11
1475	1.099	11
1476	0.814	11
1477	1.056	11
1478	0.843	11
1479	0.771	11
1480	1.074	11
1481	0.968	11
1482	1.087	11
1483	1.034	11
1484	1.074	11
1485	1.125	11
1486	0.862	11
1487	0.89	12
1488	0.971	12
1489	0.898	12
1490	1.008	12
1491	1.132	12
1492	0.958	12
1493	0.866	12
1494	1.143	12
1495	0.877	12
1496	1.01	12
1497	1.075	12
1498	1.003	12
1499	1.034	12
1500	1.113	12
1501	1.014	12
1502	1.008	12
1503	1.097	12
1504	0.84	12
1505	1.007	12
1506	1.005	12
1507	0.827	12
1508	1.165	12
1509	1.006	12
1510	1.028	12
1511	0.863	12
1512	0.825	12
1513	0.89	12
1514	1.018	12
1515	0.908	12
1516	0.883	14
1517	0.971	14
1518	0.985	14
1519	0.867	14
1520	0.88	14
1521	1.02	14
1522	0.899	14
1523	1.078	14
1524	1.064	14
1525	0.982	14
1526	1.068	14
1527	0.938	14
1528	1.259	14
1529	1.134	15
1530	1.076	15
1531	0.989	15
1532	0.704	15
1533	1.071	15
1534	0.629	15
1535	1.151	15
1536	1.006	14
1537	0.956	14
1538	0.961	14
1539	0.919	14
1540	0.985	14
1541	1.03	14
1542	1.069	14
1543	1.174	14
1544	1.146	14
1545	0.959	15
1546	0.698	15
1547	1.198	15
1548	0.883	15
1549	0.904	15
1550	1.076	15
1551	1.094	15
1552	0.942	15
1553	1.077	15
1554	0.957	15
1555	1.142	15
1556	0.995	15
1557	0.901	15
1558	0.958	15
1559	0.836	15
1560	1.199	15
1561	1.067	15
1562	1.012	15
1563	0.932	15
1564	1.066	15
1565	0.869	15
1566	1.023	15
1567	1.199	15
1568	1.052	15
1569	1.159	15
1570	0.961	15
1571	1.161	15
1572	0.987	15
1573	1.054	15
1574	0.937	15
1575	1.082	15
1576	1.082	15
1577	0.889	15
1578	0.921	15
1579	1.041	15
1580	1.078	15
1581	1.057	15
1582	1.018	15
1583	1.011	14
1584	0.99	14
1585	0.909	14
1586	1.108	14
1587	1.015	14
1588	0.847	14
1589	1.019	14
1590	1.066	14
1591	1.02	14
1592	0.965	14
1593	1.051	14
1594	1.006	14
1595	0.939	14
1596	1.041	14
1597	1.005	14
1598	1.019	14
1599	1.219	14
1600	1.015	14
1601	1.083	14
1602	1.008	14
1603	1.014	14
1604	0.996	14
1605	0.893	14
1606	1.055	14
1607	0.936	14
1608	0.963	14
1609	0.962	14
1610	1.106	14
1611	0.963	14
1612	0.977	14
1613	1.032	14
1614	1.071	14
1615	0.893	14
1616	0.884	14
1617	1.068	14
1618	0.894	14
1619	0.97	14
1620	1.087	14
1621	1.008	14
1622	0.879	14
1623	1.044	14
1624	0.932	14
1625	1.045	14
1626	0.967	14
1627	0.821	14
1628	1.046	14
1629	0.994	14
1630	0.917	14
1631	0.8	14
1632	1.043	14
1633	0.948	14
1634	0.942	14
1635	1.033	14
1636	0.857	14
1637	0.832	14
1638	1.221	14
1639	0.961	14
1640	0.938	14
1641	1.006	14
1642	1.02	14
1643	0.903	14
1644	0.853	14
1645	1.077	14
1646	0.976	14
1647	1.035	14
1648	0.848	14
1649	0.912	14
1650	1.144	14
1651	1.001	14
1652	0.958	14
1653	1.02	14
1654	0.979	14
1655	1.034	14
1656	1.148	14
1657	1.032	14
1658	0.992	14
1659	1.093	14
1660	1.047	14
1661	0.884	14
1662	1.15	14
1663	0.94	14
1664	0.937	14
1665	0.916	14
1666	1.011	14
1667	1.044	14
1668	1.025	14
1669	1.193	14
1670	1.087	14
1671	0.994	14
1672	0.936	14
1673	1.112	14
1674	1.105	14
1675	1.088	14
1676	0.977	14
1677	1.025	14
1678	0.966	14
1679	1.055	14
1680	0.908	14
1681	1.087	15
1682	0.999	15
1683	0.829	15
1684	0.963	15
1685	0.973	15
1686	0.98	15
1687	1.249	15
1688	1.045	15
1689	0.982	15
1690	1.146	15
1691	0.909	15
1692	0.927	15
1693	0.849	15
1694	1.012	15
1695	1.218	15
1696	1.039	15
1697	0.895	15
1698	0.889	15
1699	1.125	15
1700	0.827	15
1701	0.968	15
1702	1.147	15
1703	0.956	15
1704	1.027	15
1705	0.938	15
1706	0.893	15
1707	0.946	15
1708	0.95	15
1709	1.074	15
1710	1.106	15
1711	0.941	15
1712	1.032	15
1713	0.911	15
1714	1.005	15
1715	1.111	15
1716	0.981	15
1717	0.972	15
1718	1.146	15
1719	1.105	15
1720	0.924	15
1721	1.026	15
1722	0.943	15
1723	1.071	16
1724	0.91	16
1725	1.098	16
1726	0.984	16
1727	1.005	16
1728	1.001	16
1729	0.933	16
1730	0.944	16
1731	1.015	16
1732	0.974	16
1733	0.979	16
1734	0.945	16
1735	1.04	16
1736	0.937	16
1737	1.007	16
1738	0.996	16
1739	0.867	16
1740	1.019	16
1741	1.046	16
1742	0.98	16
1743	0.995	16
1744	0.962	16
1745	1.115	16
1746	1.074	16
1747	0.964	17
1748	1.045	17
1749	1.092	17
1750	1.075	17
1751	1.015	17
1752	0.937	17
1753	0.914	17
1754	0.936	17
1755	1.013	17
1756	0.819	17
1757	0.877	16
1758	1.065	16
1759	0.815	16
1760	1.069	16
1761	0.986	16
1762	1.016	16
1763	1.009	16
1764	1.007	16
1765	1.028	16
1766	1.268	16
1767	0.934	16
1768	0.947	16
1769	1.081	16
1770	0.928	16
1771	0.947	16
1772	1.123	16
1773	1.214	16
1774	1.155	16
1775	0.997	16
1776	0.868	16
1777	0.99	16
1778	1.168	16
1779	1.214	16
1780	1.071	16
1781	1.024	16
1782	1.089	16
1783	0.886	16
1784	0.962	16
1785	1.095	16
1786	1.047	16
1787	1.006	16
1788	1.214	16
1789	1.007	16
1790	0.841	16
1791	0.935	16
1792	0.993	16
1793	1.01	16
1794	1.005	16
1795	1.045	16
1796	1.102	16
1797	0.628	16
1798	0.858	16
1799	1.062	16
1800	1.018	16
1801	0.932	16
1802	0.983	16
1803	1.066	16
1804	1.001	16
1805	0.839	16
1806	0.963	16
1807	0.972	16
1808	0.971	16
1809	1.142	16
1810	0.888	16
1811	0.775	16
1812	0.832	16
1813	1.092	16
1814	1.003	16
1815	0.99	16
1816	0.925	16
1817	0.922	16
1818	0.924	16
1819	1.062	16
1820	0.958	16
1821	1.088	16
1822	1	16
1823	0.987	16
1824	1.058	16
1825	0.908	16
1826	0.983	16
1827	1.001	16
1828	1.119	16
1829	1.098	16
1830	1.009	16
1831	1.04	16
1832	0.931	16
1833	1.151	16
1834	1.144	16
1835	1.102	16
1836	0.846	16
1837	1.024	16
1838	0.953	16
1839	1.02	16
1840	1.074	16
1841	1.014	16
1842	0.852	16
1843	1.161	16
1844	1.086	16
1845	0.806	16
1846	0.893	16
1847	1.006	16
1848	0.923	16
1849	0.944	16
1850	0.983	16
1851	0.889	16
1852	0.906	16
1853	0.886	16
1854	1.044	16
1855	0.955	16
1856	0.955	16
1857	1.216	16
1858	0.843	16
1859	1.153	16
1860	0.994	16
1861	1.024	16
1862	1.052	16
1863	1.262	16
1864	1.053	16
1865	0.959	16
1866	1.023	16
1867	1.029	16
1868	1.133	16
1869	0.897	16
1870	0.676	16
1871	0.989	16
1872	1.071	16
1873	1	16
1874	1.008	15
1875	0.81	14
1876	1.048	14
1877	1.113	14
1878	1.123	14
1879	0.992	14
1880	1.231	14
1881	1.121	14
1882	1.01	14
1883	0.979	14
1884	1.155	14
1885	1.12	14
1886	0.961	14
1887	0.747	14
1888	1.262	14
1889	1.002	14
1890	0.8	14
1891	0.947	14
1892	0.883	14
1893	0.952	14
1894	1.055	13
1895	1.053	13
1896	0.747	13
1897	1.021	13
1898	1.064	13
1899	0.922	13
1900	1.153	13
1901	1.11	13
1902	0.962	13
1903	1.048	13
1904	1.183	13
1905	1.001	13
1906	1.011	13
1907	0.894	13
1908	1.005	13
1909	1.075	13
1910	1.046	13
1911	1.004	13
1912	0.723	12
1913	1.098	12
1914	0.966	12
1915	1.115	12
1916	1.024	12
1917	0.932	12
1918	1.002	11
1919	0.859	11
1920	0.976	11
1921	0.911	11
1922	0.919	11
1923	0.925	10
1924	0.913	9
1925	0.845	9
1926	1.043	9
1927	0.922	9
1928	0.969	9
1929	1.096	9
1930	0.775	9
1931	0.815	9
1932	0.88	9
1933	1.01	9
1934	0.914	8
1935	1.048	8
1936	0.752	8
1937	1.166	8
1938	1.011	8
1939	0.999	8
1940	0.898	8
1941	0.995	8
1942	0.955	8
1943	1.068	8
1944	1.056	8
1945	1.002	8
1946	1.137	8
1947	1.347	8
1948	1.04	8
1949	1.198	8
1950	0.963	8
1951	1.014	8
1952	1.212	8
1953	1.196	8
1954	1.065	8
1955	1.081	8
1956	0.654	8
1957	1.004	8
1958	1.04	8
1959	1.043	8
1960	1.215	8
1961	0.996	8
1962	1.204	8
1963	1.058	8
1964	0.973	8
1965	1.031	8
1966	1.098	8
1967	0.93	8
1968	0.945	8
1969	0.994	8
1970	1.036	8
1971	1.13	8
1972	0.728	8
1973	1.078	8
1974	1.06	8
1975	1	8
1976	1.069	8
1977	0.91	8
1978	0.92	8
1979	0.954	8
1980	0.939	8
1981	0.962	8
1982	1.018	8
1983	1.122	8
1984	0.594	8
1985	0.965	8
1986	0.952	8
