# Yamaguchi - Long Island, Willapa Bay - THPL - ITRDB WA129
#----------------------------------------------------
#                World Data Service for Paleoclimatology, Boulder
#                                  and
#                     NOAA Paleoclimatology Program
#             National Centers for Environmental Information (NCEI)
#----------------------------------------------------
# Template Version 4.0
# Encoding: UTF-8
# NOTE: Please cite original publication, NOAA Landing Page URL, dataset and publication DOIs (where available), and date accessed when using downloaded data. If there is no publication information, please cite investigator, study title, NOAA Landing Page URL, and date accessed.
#
# Description/Documentation lines begin with #
# Data lines have no #
#
# NOAA_Landing_Page: https://www.ncei.noaa.gov/access/paleo-search/study/5382
#   Landing_Page_Description: NOAA Landing Page of this file's parent study, which includes all study metadata.
#
# Study_Level_JSON_Metadata: https://www.ncei.noaa.gov/pub/data/metadata/published/paleo/json/noaa-tree-5382.json
#   Study_Level_JSON_Description: JSON metadata of this data file's parent study, which includes all study metadata.
#
# Data_Type: Tree Ring
#
# Dataset_DOI:
#
# Science_Keywords: 
#--------------------
# Resource_Links
#
# Data_Download_Resource: https://www.ncei.noaa.gov/pub/data/paleo/treering/measurements/northamerica/usa/wa129-crn-noaa.txt
#   Data_Download_Description: Raw Measurements - NOAA Template File; wa129-crn-noaa.txt
#
# Related_Online_Resource: https://www.ncei.noaa.gov/pub/data/paleo/treering/chronologies/northamerica/usa/wa129.crn
#   Related_Online_Description: CRN File; Chronology - Tucson Decadal File
#
#--------------------
# Contribution_Date
#   Date: 2005-09-14
#--------------------
# File_Last_Modified_Date
#   Date: 2005-09-14
#--------------------
# Title
#   Study_Name: Yamaguchi - Long Island, Willapa Bay - THPL - ITRDB WA129
#--------------------
# Investigators
#   Investigators: Yamaguchi, D.K.
#--------------------
# Description_Notes_and_Keywords
#   Description: NOAA Template Chronology file added 2018-12-20. NOAA Template Raw Measurements file added 2019-02-08.
#--------------------
# Publication
#   Authors: 
#   Journal_Name: 
#   Published_Title: 
#   Published_Date_or_Year: 
#   Volume: 
#   Pages: 
#   Issue: 
#   Report_Number: 
#   DOI: 
#   Full_Citation: 
#   Abstract: 
#--------------------
# Funding_Agency
#   Funding_Agency_Name:
#   Grant:
#--------------------
# Site_Information
#   Site_Name: Long Island, Willapa Bay
#   Location: Washington
#   Northernmost_Latitude: 46.45
#   Southernmost_Latitude: 46.45
#   Easternmost_Longitude: -123.97
#   Westernmost_Longitude: -123.97
#   Elevation_m: 50
#--------------------
# Data_Collection
#   Collection_Name: WA129
#   First_Year: 991
#   Last_Year: 1986
#   Time_Unit: CE
#   Core_Length_m:
#   Parameter_Keywords:  ring width
#   Notes: None
#--------------------
# Species
#   Species_Name: Thuja plicata Donn ex D. Don
#   Common_Name: western redcedar
#   Tree_Species_Code: THPL
#--------------------
# Variables
#
# PaST_Thesaurus_Download_Resource: https://www.ncei.noaa.gov/access/paleo-search/skos/past-thesaurus.rdf
#   PaST_Thesaurus_Download_Description: Paleoenvironmental Standard Terms (PaST) Thesaurus terms, definitions, and relationships in SKOS format.
#
# Data variables follow that are preceded by '##' in columns one and two.
# Variables format: shortname-tab-var components: what, material, error, units, seasonality, data type, detail, method, C or N for Character or Numeric data)
#
## age_CE	age,,,year Common Era,,tree ring,,,N,
## trsgi	tree ring standardized growth index,,,,,tree ring,composited,standard chronology method,N,
## numsamp	number of samples,,,count,,tree ring,,,N,
#---------------------
# Data:
# Missing_Values: NA
age_CE	trsgi	numsamp
991	0.895	1
992	0.925	1
993	1.174	1
994	0.744	1
995	0.959	1
996	1.206	1
997	1.213	1
998	1.09	1
999	1.001	1
1000	0.912	1
1001	0.866	1
1002	0.948	1
1003	0.85	1
1004	1.07	1
1005	1.108	1
1006	1	1
1007	1.207	1
1008	1.213	1
1009	1.011	1
1010	0.977	1
1011	0.964	1
1012	0.754	1
1013	0.752	1
1014	0.647	1
1015	0.891	1
1016	0.878	1
1017	0.763	1
1018	0.862	1
1019	0.971	1
1020	1.029	1
1021	0.865	1
1022	0.882	1
1023	0.86	1
1024	0.858	1
1025	0.965	1
1026	1.022	1
1027	1.187	1
1028	1.115	1
1029	1.142	1
1030	0.992	1
1031	1.098	1
1032	1.125	1
1033	1.259	1
1034	1.16	1
1035	0.963	1
1036	1.145	2
1037	1.014	2
1038	1.238	2
1039	1.156	2
1040	1.14	2
1041	0.851	2
1042	1.07	2
1043	1.007	2
1044	1.301	2
1045	1.177	2
1046	0.983	2
1047	0.896	2
1048	0.954	2
1049	1.161	2
1050	1.243	2
1051	1.354	2
1052	1.338	2
1053	1.136	2
1054	1.171	2
1055	1.002	2
1056	0.943	2
1057	1.079	2
1058	0.923	2
1059	0.823	2
1060	0.829	2
1061	0.756	2
1062	0.891	2
1063	0.843	2
1064	0.961	2
1065	0.684	2
1066	0.909	2
1067	0.947	2
1068	0.885	2
1069	0.746	2
1070	0.798	2
1071	0.8	2
1072	0.921	2
1073	1.062	2
1074	0.593	2
1075	0.723	2
1076	0.64	2
1077	0.7	2
1078	0.881	2
1079	0.874	2
1080	0.822	2
1081	0.978	2
1082	1.028	2
1083	0.895	2
1084	1.016	2
1085	1.068	2
1086	0.826	2
1087	1.241	2
1088	1.24	2
1089	1.366	2
1090	1.302	2
1091	1.163	2
1092	1.323	2
1093	1.314	2
1094	1.291	2
1095	1.232	2
1096	1.07	2
1097	1.122	2
1098	1.039	2
1099	1.11	2
1100	1.19	2
1101	1.141	2
1102	1.223	2
1103	1.088	2
1104	1.085	2
1105	1.274	2
1106	1.366	2
1107	1.229	2
1108	1.051	2
1109	1.07	2
1110	1.012	2
1111	0.922	2
1112	0.965	2
1113	0.845	2
1114	0.691	2
1115	0.783	2
1116	1.028	2
1117	0.697	2
1118	0.78	2
1119	0.818	2
1120	0.856	2
1121	0.646	2
1122	0.641	2
1123	0.587	2
1124	0.632	2
1125	0.747	2
1126	0.941	2
1127	0.811	2
1128	0.783	2
1129	0.872	2
1130	0.846	2
1131	0.7	2
1132	0.719	2
1133	0.803	2
1134	0.644	2
1135	0.638	2
1136	0.894	2
1137	0.957	2
1138	1.009	2
1139	0.867	2
1140	1.075	2
1141	1.03	2
1142	0.979	2
1143	0.808	2
1144	1.257	2
1145	0.962	2
1146	0.961	2
1147	1.17	2
1148	1.367	2
1149	1.521	2
1150	1.22	2
1151	1.243	2
1152	1.498	2
1153	1.393	2
1154	1.37	2
1155	1.328	2
1156	1.18	2
1157	1.26	2
1158	0.812	2
1159	1.082	2
1160	1.016	2
1161	1.026	2
1162	0.914	2
1163	1.043	2
1164	0.966	2
1165	1.075	2
1166	1.129	2
1167	0.992	2
1168	1.177	2
1169	0.872	2
1170	0.831	2
1171	0.925	2
1172	0.788	2
1173	0.771	2
1174	0.972	2
1175	1.038	2
1176	0.868	2
1177	0.631	2
1178	0.842	2
1179	0.647	2
1180	1.089	2
1181	1.137	2
1182	1.285	2
1183	1.31	2
1184	1.189	2
1185	1.147	2
1186	1.31	2
1187	1.071	2
1188	0.854	2
1189	0.847	2
1190	1.001	2
1191	0.855	2
1192	0.763	2
1193	1.048	2
1194	1.186	2
1195	1.237	2
1196	1.107	2
1197	1.141	2
1198	0.977	2
1199	1.058	2
1200	0.89	2
1201	0.966	2
1202	0.964	2
1203	1.007	2
1204	1.1	2
1205	1.18	2
1206	1.313	2
1207	1.05	2
1208	0.911	2
1209	1.033	2
1210	0.9	2
1211	0.728	2
1212	1.171	2
1213	1.09	2
1214	1.078	2
1215	1.305	2
1216	1.035	2
1217	1.142	2
1218	1.068	2
1219	0.936	2
1220	0.93	2
1221	1.177	2
1222	0.959	2
1223	0.907	2
1224	0.975	2
1225	1.044	2
1226	0.973	2
1227	0.773	2
1228	0.889	2
1229	0.735	2
1230	0.968	2
1231	0.966	2
1232	0.716	2
1233	0.738	2
1234	0.84	2
1235	0.885	2
1236	1.014	2
1237	0.729	2
1238	0.537	2
1239	0.788	2
1240	0.856	2
1241	0.903	2
1242	0.862	2
1243	0.923	2
1244	0.991	2
1245	1.097	2
1246	1.025	2
1247	1.001	2
1248	1.162	2
1249	0.939	2
1250	1.059	2
1251	1.206	2
1252	1.368	2
1253	1.266	2
1254	1.237	2
1255	1.028	2
1256	0.972	2
1257	0.86	2
1258	1.053	2
1259	1.055	2
1260	1.039	2
1261	0.808	2
1262	0.896	2
1263	0.832	2
1264	1.004	2
1265	1.349	2
1266	1.203	2
1267	1.124	2
1268	0.932	2
1269	1.101	2
1270	1.065	2
1271	1.068	2
1272	0.992	2
1273	1.195	2
1274	1.143	2
1275	1.087	2
1276	1.03	2
1277	0.881	2
1278	0.863	2
1279	0.962	2
1280	0.981	2
1281	0.942	2
1282	1.082	2
1283	1.116	2
1284	0.87	2
1285	1.047	2
1286	0.921	2
1287	0.879	2
1288	0.819	2
1289	0.924	3
1290	0.728	3
1291	0.82	3
1292	0.78	3
1293	0.932	3
1294	0.797	3
1295	1.05	3
1296	1.167	3
1297	1.13	3
1298	0.964	3
1299	1.055	3
1300	1.001	3
1301	0.769	3
1302	0.84	3
1303	0.956	3
1304	0.978	3
1305	0.931	3
1306	0.678	3
1307	0.593	3
1308	0.65	3
1309	0.784	3
1310	0.743	3
1311	0.642	3
1312	0.945	3
1313	0.803	3
1314	0.958	3
1315	1.105	3
1316	0.952	3
1317	0.948	3
1318	1.228	3
1319	0.888	3
1320	0.932	3
1321	1.207	3
1322	1.676	3
1323	1.54	4
1324	1.229	4
1325	1.279	4
1326	0.961	4
1327	0.759	4
1328	0.864	4
1329	0.981	4
1330	1.21	4
1331	0.981	4
1332	1.107	4
1333	1.374	4
1334	1.185	4
1335	1.171	4
1336	1.3	4
1337	1.348	4
1338	1.117	4
1339	1.098	4
1340	0.967	4
1341	0.973	4
1342	0.997	4
1343	1.113	4
1344	0.667	4
1345	0.81	4
1346	0.967	4
1347	0.827	4
1348	1.065	4
1349	1.02	4
1350	1.057	5
1351	0.834	5
1352	1.11	5
1353	1.106	5
1354	1.223	5
1355	1.156	5
1356	1.187	5
1357	1.289	5
1358	1.129	5
1359	0.822	5
1360	0.96	5
1361	1.116	5
1362	1.046	5
1363	0.826	5
1364	0.703	5
1365	0.783	5
1366	0.768	5
1367	0.589	5
1368	0.957	5
1369	1.143	4
1370	1.153	4
1371	1.237	4
1372	1.088	4
1373	1.097	4
1374	1.205	4
1375	1.048	4
1376	0.649	4
1377	0.743	4
1378	0.732	4
1379	0.786	4
1380	0.646	4
1381	0.589	4
1382	0.815	4
1383	0.683	4
1384	0.685	4
1385	0.748	4
1386	0.836	4
1387	0.761	4
1388	1.064	4
1389	1.158	4
1390	1.088	4
1391	0.994	4
1392	0.955	4
1393	0.9	4
1394	0.842	4
1395	0.838	4
1396	0.847	4
1397	0.813	4
1398	0.882	4
1399	0.83	4
1400	1.226	4
1401	0.745	4
1402	0.835	4
1403	0.785	4
1404	0.886	4
1405	0.827	4
1406	1.007	4
1407	0.976	4
1408	1.057	5
1409	0.912	5
1410	1.179	5
1411	1.098	6
1412	0.964	6
1413	0.97	6
1414	1.177	6
1415	0.942	6
1416	1.038	6
1417	0.981	7
1418	0.953	7
1419	0.978	8
1420	0.996	8
1421	1.114	8
1422	1.037	8
1423	1.301	8
1424	1.329	9
1425	1.055	10
1426	0.899	10
1427	0.976	10
1428	1.159	10
1429	1.04	10
1430	1.167	10
1431	0.855	10
1432	0.964	10
1433	0.824	10
1434	0.903	10
1435	1.02	10
1436	0.985	10
1437	1.05	10
1438	0.967	10
1439	0.875	10
1440	0.978	10
1441	1.151	10
1442	1.283	10
1443	1.041	10
1444	1.188	10
1445	1.297	10
1446	1.047	10
1447	0.765	10
1448	0.921	10
1449	0.922	10
1450	0.927	10
1451	0.932	10
1452	1.165	11
1453	1.179	11
1454	1.137	11
1455	1.183	11
1456	1.165	11
1457	1.331	11
1458	1.052	11
1459	1.082	11
1460	1.112	11
1461	0.849	11
1462	0.983	11
1463	1.219	11
1464	1.049	11
1465	0.963	11
1466	0.801	11
1467	0.932	11
1468	0.87	11
1469	0.846	11
1470	0.928	11
1471	0.876	11
1472	0.908	11
1473	1.069	11
1474	1.152	11
1475	1.179	11
1476	0.92	11
1477	1.023	11
1478	0.85	11
1479	0.691	11
1480	0.896	11
1481	0.892	11
1482	1.023	11
1483	1.044	11
1484	1.106	11
1485	1.188	11
1486	1.031	12
1487	0.925	12
1488	0.932	12
1489	0.855	12
1490	0.925	12
1491	1.077	12
1492	0.994	12
1493	0.866	12
1494	1.068	12
1495	0.901	12
1496	0.958	12
1497	1.04	12
1498	1.016	12
1499	1.045	12
1500	1.139	12
1501	1.088	12
1502	1.06	12
1503	1.127	12
1504	0.904	12
1505	0.961	12
1506	0.977	12
1507	0.815	12
1508	1.066	12
1509	1.022	12
1510	1.038	12
1511	0.883	12
1512	0.759	12
1513	0.748	12
1514	0.861	12
1515	0.819	14
1516	0.771	14
1517	0.828	14
1518	0.872	14
1519	0.776	14
1520	0.745	14
1521	0.857	14
1522	0.793	14
1523	0.945	14
1524	1.002	14
1525	0.963	14
1526	1.033	14
1527	0.939	14
1528	1.187	15
1529	1.218	15
1530	1.197	15
1531	1.102	15
1532	0.768	15
1533	0.956	15
1534	0.592	15
1535	0.936	15
1536	0.943	14
1537	0.925	14
1538	0.921	14
1539	0.876	14
1540	0.919	14
1541	0.986	14
1542	1.06	14
1543	1.211	14
1544	1.246	15
1545	1.102	15
1546	0.767	15
1547	1.087	15
1548	0.917	15
1549	0.869	15
1550	1.004	15
1551	1.087	15
1552	0.983	15
1553	1.08	15
1554	0.997	15
1555	1.144	15
1556	1.072	15
1557	0.945	15
1558	0.932	15
1559	0.8	15
1560	1.098	15
1561	1.106	15
1562	1.076	15
1563	0.982	15
1564	1.056	15
1565	0.898	15
1566	0.972	15
1567	1.176	15
1568	1.138	15
1569	1.241	15
1570	1.088	15
1571	1.21	15
1572	1.092	15
1573	1.108	15
1574	0.991	15
1575	1.077	15
1576	1.116	15
1577	0.949	15
1578	0.899	15
1579	0.977	15
1580	1.054	15
1581	1.079	15
1582	1.054	15
1583	1.037	14
1584	1.004	14
1585	0.911	14
1586	1.06	14
1587	1.041	14
1588	0.875	14
1589	0.962	14
1590	1.045	14
1591	1.049	14
1592	1	14
1593	1.055	14
1594	1.035	14
1595	0.956	14
1596	1.019	14
1597	1.004	14
1598	1.019	14
1599	1.226	14
1600	1.131	14
1601	1.172	14
1602	1.1	14
1603	1.068	14
1604	1.029	14
1605	0.905	14
1606	1.003	14
1607	0.925	14
1608	0.917	14
1609	0.909	14
1610	1.049	14
1611	0.982	14
1612	0.971	14
1613	1.007	14
1614	1.059	14
1615	0.915	14
1616	0.829	14
1617	0.968	14
1618	0.858	14
1619	0.883	14
1620	1.01	14
1621	1.004	14
1622	0.876	14
1623	0.975	14
1624	0.895	14
1625	0.983	14
1626	0.946	14
1627	0.781	14
1628	0.918	14
1629	0.927	14
1630	0.864	14
1631	0.718	14
1632	0.88	14
1633	0.855	14
1634	0.842	14
1635	0.932	14
1636	0.802	14
1637	0.716	14
1638	1.048	14
1639	0.954	14
1640	0.91	14
1641	0.947	14
1642	0.984	14
1643	0.887	14
1644	0.789	14
1645	0.956	14
1646	0.941	14
1647	0.997	14
1648	0.835	14
1649	0.82	14
1650	1.028	14
1651	0.998	14
1652	0.952	14
1653	0.987	14
1654	0.967	14
1655	1.019	14
1656	1.162	14
1657	1.131	14
1658	1.08	14
1659	1.155	14
1660	1.146	14
1661	0.977	14
1662	1.164	14
1663	1.034	14
1664	0.969	14
1665	0.899	14
1666	0.951	14
1667	1.015	14
1668	1.03	14
1669	1.212	14
1670	1.205	14
1671	1.114	14
1672	1.012	14
1673	1.126	14
1674	1.166	14
1675	1.185	14
1676	1.082	14
1677	1.074	14
1678	1.003	14
1679	1.059	14
1680	0.924	15
1681	1.048	15
1682	1.016	15
1683	0.833	15
1684	0.88	15
1685	0.901	15
1686	0.919	15
1687	1.199	15
1688	1.134	15
1689	1.053	15
1690	1.175	15
1691	0.997	15
1692	0.932	15
1693	0.814	15
1694	0.9	15
1695	1.148	15
1696	1.102	15
1697	0.95	15
1698	0.862	15
1699	1.047	15
1700	0.839	15
1701	0.885	15
1702	1.075	15
1703	0.985	15
1704	1.015	15
1705	0.94	15
1706	0.851	15
1707	0.862	15
1708	0.864	15
1709	0.987	15
1710	1.087	15
1711	0.981	15
1712	1.026	15
1713	0.928	15
1714	0.968	15
1715	1.087	15
1716	1.024	15
1717	0.985	15
1718	1.135	15
1719	1.175	15
1720	1.022	15
1721	1.047	15
1722	1.009	16
1723	1.085	16
1724	0.953	16
1725	1.075	16
1726	1.012	16
1727	1.012	16
1728	1.005	16
1729	0.93	16
1730	0.904	16
1731	0.957	16
1732	0.94	16
1733	0.939	16
1734	0.906	16
1735	0.981	16
1736	0.916	16
1737	0.959	16
1738	0.967	16
1739	0.843	16
1740	0.925	16
1741	0.992	16
1742	0.967	16
1743	0.97	16
1744	0.94	16
1745	1.082	16
1746	1.108	17
1747	1.02	17
1748	1.06	17
1749	1.122	17
1750	1.145	17
1751	1.096	17
1752	0.99	17
1753	0.911	17
1754	0.889	17
1755	0.946	17
1756	0.776	17
1757	0.769	16
1758	0.93	16
1759	0.762	16
1760	0.945	16
1761	0.941	16
1762	0.982	16
1763	0.993	16
1764	0.995	16
1765	1.015	16
1766	1.271	16
1767	1.067	16
1768	0.994	16
1769	1.074	16
1770	0.96	16
1771	0.924	16
1772	1.08	16
1773	1.243	16
1774	1.282	16
1775	1.156	16
1776	0.959	16
1777	0.971	16
1778	1.143	16
1779	1.28	16
1780	1.223	16
1781	1.151	16
1782	1.176	16
1783	0.984	16
1784	0.963	16
1785	1.074	16
1786	1.077	16
1787	1.038	16
1788	1.233	16
1789	1.126	16
1790	0.921	16
1791	0.902	16
1792	0.933	16
1793	0.963	16
1794	0.978	16
1795	1.025	16
1796	1.111	16
1797	0.687	16
1798	0.705	16
1799	0.891	16
1800	0.942	16
1801	0.891	16
1802	0.921	16
1803	1.016	16
1804	1.001	16
1805	0.841	16
1806	0.881	16
1807	0.897	16
1808	0.909	16
1809	1.092	16
1810	0.932	16
1811	0.748	16
1812	0.701	16
1813	0.926	16
1814	0.945	16
1815	0.956	16
1816	0.896	16
1817	0.87	16
1818	0.851	16
1819	0.985	16
1820	0.943	16
1821	1.059	16
1822	1.022	16
1823	1.003	16
1824	1.065	16
1825	0.939	16
1826	0.954	16
1827	0.97	16
1828	1.095	16
1829	1.14	16
1830	1.078	16
1831	1.082	16
1832	0.973	16
1833	1.142	16
1834	1.215	16
1835	1.216	16
1836	0.967	16
1837	1.025	16
1838	0.964	16
1839	0.999	16
1840	1.073	16
1841	1.054	16
1842	0.884	16
1843	1.108	16
1844	1.131	16
1845	0.871	16
1846	0.831	16
1847	0.905	16
1848	0.858	16
1849	0.863	16
1850	0.902	16
1851	0.833	16
1852	0.813	16
1853	0.778	16
1854	0.921	16
1855	0.9	16
1856	0.898	16
1857	1.155	16
1858	0.91	16
1859	1.11	16
1860	1.034	16
1861	1.039	16
1862	1.067	16
1863	1.289	16
1864	1.197	16
1865	1.066	16
1866	1.063	16
1867	1.057	16
1868	1.158	16
1869	0.972	16
1870	0.666	16
1871	0.817	16
1872	0.955	16
1873	0.963	16
1874	0.979	15
1875	0.781	14
1876	0.93	14
1877	1.058	14
1878	1.138	14
1879	1.055	14
1880	1.259	14
1881	1.252	14
1882	1.147	14
1883	1.062	14
1884	1.186	14
1885	1.204	14
1886	1.06	14
1887	0.779	14
1888	1.145	14
1889	1.049	14
1890	0.823	14
1891	0.846	14
1892	0.787	14
1893	0.827	14
1894	0.942	13
1895	1.001	13
1896	0.728	13
1897	0.877	13
1898	0.972	13
1899	0.893	13
1900	1.097	13
1901	1.153	13
1902	1.044	13
1903	1.082	13
1904	1.23	13
1905	1.123	13
1906	1.091	13
1907	0.947	13
1908	0.984	13
1909	1.064	13
1910	1.074	13
1911	1.045	13
1912	0.746	12
1913	0.968	12
1914	0.936	12
1915	1.088	12
1916	1.071	12
1917	0.979	12
1918	1.012	11
1919	0.87	11
1920	0.92	11
1921	0.87	11
1922	0.844	11
1923	0.824	10
1924	0.798	9
1925	0.731	9
1926	0.89	9
1927	0.848	9
1928	0.879	9
1929	1.018	9
1930	0.778	9
1931	0.689	9
1932	0.687	9
1933	0.814	9
1934	0.818	8
1935	0.941	8
1936	0.704	8
1937	1.003	8
1938	0.983	8
1939	0.983	8
1940	0.882	8
1941	0.928	8
1942	0.904	8
1943	1.004	8
1944	1.037	8
1945	1.011	8
1946	1.136	8
1947	1.412	8
1948	1.253	8
1949	1.355	8
1950	1.167	8
1951	1.124	8
1952	1.285	8
1953	1.352	8
1954	1.267	8
1955	1.245	8
1956	0.801	8
1957	0.921	8
1958	0.988	8
1959	1.031	8
1960	1.233	8
1961	1.125	8
1962	1.285	8
1963	1.211	8
1964	1.099	8
1965	1.09	8
1966	1.14	8
1967	0.995	8
1968	0.944	8
1969	0.956	8
1970	1.004	8
1971	1.125	8
1972	0.784	8
1973	0.97	8
1974	1.026	8
1975	1.002	8
1976	1.056	8
1977	0.931	8
1978	0.885	8
1979	0.89	8
1980	0.879	8
1981	0.892	8
1982	0.959	8
1983	1.097	8
1984	0.648	8
1985	0.785	8
1986	0.806	8
